100
0 0 1 1 2 0 1
-1 -1 1 1 4 5 5
-1 -1 1 1 0 0 1
-1 -1 1 1 -4 -5 5
-1 -1 1 1 -2 0 1
-58 -37 6 11 -75 -43 4
-54 19 70 69 -16 -39 33
47 -94 99 68 2 -69 78
-82 -47 -31 -20 26 31 85
-66 -15 -36 86 8 50 25
-91 -74 2 29 -80 -35 94
-6 -71 -2 80 34 -90 33
6 49 99 80 -50 57 48
-83 21 11 79 8 -95 6
-91 11 87 15 48 -70 54
-79 -58 35 31 -53 33 11
16 -91 38 -9 -81 -42 90
-28 95 79 98 -7 -69 34
21 -42 95 41 10 53 50
-82 16 -6 35 -55 4 60
-50 28 9 85 91 89 3
-31 20 42 38 -82 95 57
28 -85 45 17 -3 -14 12
-16 45 84 68 5 -18 59
35 -35 91 23 -74 24 29
-59 -58 94 24 44 -40 80
-50 47 4 64 90 -16 73
-63 34 5 71 -28 -98 93
-70 -18 72 2 -65 27 62
-43 17 1 95 -28 50 26
-36 -95 -21 -70 -38 -46 93
68 -54 81 -8 -66 -27 65
39 -95 99 -35 -64 71 34
-79 -90 26 29 -42 28 58
-95 39 21 74 -29 -69 10
-85 41 45 60 -82 72 17
-93 -64 72 -63 11 74 23
44 12 96 18 94 -31 31
30 -83 52 -1 73 -22 39
-88 10 72 70 75 -18 87
21 -36 96 28 -62 -45 14
64 13 98 40 30 2 74
11 -71 80 65 -45 56 11
5 -86 8 -14 1 6 91
-3 25 42 87 -65 -38 46
-99 54 18 78 -34 52 86
86 -88 98 27 36 -72 37
53 -64 98 -18 -94 -65 34
-95 -46 14 85 90 -70 7
-24 -31 10 2 -45 64 44
-1 11 7 28 -100 23 89
-60 7 -23 88 14 95 80
-93 -54 -26 -38 -100 -58 18
-20 72 5 100 96 -75 35
-54 15 46 95 -46 20 20
-57 -23 63 36 -74 42 36
-92 -90 63 -58 -70 -87 26
-56 -69 -28 6 -44 -76 35
-12 23 19 49 2 -46 41
-76 30 -59 88 9 100 90
-61 6 -15 61 86 -67 17
41 -22 95 11 63 76 37
-92 -43 24 -16 -13 -78 43
-31 -42 19 3 -67 -20 58
-48 -30 74 3 -83 -67 69
-96 -90 -1 -25 -31 -39 33
-95 41 91 51 44 68 43
-59 0 93 83 40 39 6
-71 -68 -52 -13 -98 -33 77
47 -31 91 -5 -5 -69 75
-91 -86 -58 64 53 -73 21
-71 -54 27 -43 11 21 68
6 -62 32 73 79 44 22
-77 -64 -28 75 -58 57 94
-95 -88 2 80 -32 59 54
-84 -64 -44 -61 86 81 7
2 -75 80 -14 -6 -13 69
-44 68 -33 82 92 -75 36
-53 -49 56 53 -92 11 31
-84 -7 70 99 64 56 100
-22 -99 45 77 43 84 93
-76 -100 -10 9 94 26 30
-26 -23 91 31 69 -77 45
-40 -20 2 -1 -7 45 22
-41 -58 43 -25 1 53 92
-74 -59 -39 91 -24 -9 13
-41 25 49 50 -29 -67 1
-79 64 -29 66 59 -38 88
-69 37 -13 84 -34 -32 20
85 -55 86 16 75 41 10
-75 -58 -15 -35 -91 30 16
64 -91 94 68 -28 -74 66
18 46 44 93 89 71 60
-60 -81 77 -79 35 36 72
-59 -39 5 -24 72 -7 20
-17 -86 11 88 13 77 16
18 47 37 93 55 70 66
-13 -81 39 57 -40 -96 57
-86 -85 50 20 -96 -2 54
-67 -43 -13 12 77 -52 72
