std: 0/12
vzd: 0/12
1101 1.098,17 242,69 87,85
1101/1 123,04 0,00 0,00
1101/2 54,00 0,00 0,00
1101 1.098,17 242,69 87,85
1101/1 123,04 0,00 0,00
1101/2 54,00 0,00 0,00
1101 1.098,17 242,69 87,85
1101/1 123,04 0,00 0,00
1101/2 54,00 0,00 0,00
1101 1.098,17 242,69 87,85
1101/1 123,04 0,00 0,00
1101/2 54,00 0,00 0,00
1101 1.098,17 242,69 87,85
1101/1 123,04 0,00 0,00
1101/2 54,00 0,00 0,00
1101 1.098,17 242,69 87,85
1101/1 123,04 0,00 0,00
1101/2 54,00 0,00 0,00
1101 1.098,17 242,69 87,85
1101/1 123,04 0,00 0,00
1101/2 54,00 0,00 0,00
1101 1.098,17 242,69 87,85
1101/1 123,04 0,00 0,00
1101/2 54,00 0,00 0,00
1101 1.098,17 242,69 87,85
1101/1 123,04 0,00 0,00
1101/2 54,00 0,00 0,00
1101 1.098,17 242,69 87,85
1101/1 123,04 0,00 0,00
1101/2 54,00 0,00 0,00
1101 1.098,17 242,69 87,85
1101/1 123,04 0,00 0,00
1101/2 54,00 0,00 0,00
1101 1.098,17 242,69 87,85
1101/1 123,04 0,00 0,00
1101/2 54,00 0,00 0,00
1105 934,00 0,00 0,00
